13502460
 1  200  100  100  1300 1 10000   100000    0    0   0    0        0         0
13502460
 2  200  100  100  1500 1 10000   100000    0    0   0    0        0         0
13502460 
 3  200  100  100  2000 1 10000   100000    0    0   0    0        0         0
13502460
 4  200  100  100  2200 1 10000   100000    0    0   0    0        0         0
13502460
 5  200  100  100  2900 1 10000   100000    0    0   0    0        0         0
13502460
 6  300  150  150  3150 1 10000   150000    0    0   0    0        0         0
13502460
 7  300  150  150  4500 1 10000   150000    0    0   0    0        0         0
13502460
 8  300  150  150  5155 1 10000   150000    0    0   0    0        0         0
13502460
 9  300  150  150  6075 1 10000   150000    0    0   0    0        0         0
13502460
10  300  150  150  6300 1 10000   150000    0    0   0    0        0         0
13502460
11  400  200  200  1500 1 10000      200    0    0   0    0        0         0
13502460
12  400  200  200  2250 1 10000      200    0    0   0    0        0         0
13502460
13  400  200  200  3000 1 10000      200    0    0   0    0        0         0
13502460
14  400  200  200  3750 1 10000      200    0    0   0    0        0         0
13502460
15  400  200  200  4500 1 10000      200    0    0   0    0        0         0
13502460
16  400    8   60  1306 1 10000   400000    0    0  30   20    16000     30000
13502460
17  400    8   60  2443 1 10000   400000    0    0  30   20    16000     30000
13502460
18  400    8   60  1306 1 10000   400000    0    0  30   20    20000    120000
13502460
19  400    8   60  2443 1 10000   400000    0    0  30   20    20000    120000
13502460
20  400    8   60  1416 1 10000   400000    5   50  30   40    16000     30000
13502460
21  400    8   60  2836 1 10000   400000    5   50  30   40    16000     30000
13502460
22  400    8   60  1416 1 10000   400000    5   50  30   40    20000    120000
13502460
23  400    8   60  2836 1 10000   400000    5   50  30   40    20000    120000
13502460
24  400    4   12  1382 1 10000   400000    0    0  30   80    16000     30000
13502460
25  400    4   12  2676 1 10000   400000    0    0  30   80    16000     30000
13502460
26  400    4   12  1382 1 10000   400000    0    0  30   80    20000    120000
13502460
27  400    4   12  2676 1 10000   400000    0    0  30   80    20000    120000
13502460   
28 1000   50   50  2900 1 10000  1000000    0    0   0    0        0         0
13502460   
29 1000   50   50  3400 1 10000  1000000    0    0   0    0        0         0
13502460  
30 1000   50   50  4400 1 10000  1000000    0    0   0    0        0         0
13502460   
31 1000   50   50  4800 1 10000  1000000    0    0   0    0        0         0
13502460   
32 1500   75   75  4342 1 10000  1500000    0    0   0    0        0         0
13502460   
33 1500   75   75  4385 1 10000  1500000    0    0   0    0        0         0
13502460  
34 1500   75   75  5107 1 10000  1500000    0    0   0    0        0         0
13502460 
35 1500   75   75  5730 1 10000  1500000    0    0   0    0        0         0
13502460   
36 8000  200 1000 15000 1 10000  4000000  100  300   0    0       30        30
13502460  
37 5000  150  800 23000 1 10000  4000000   50  100   0    0        0         0
13502460   
38 3000  125  500 35000 1 10000  2000000   25   50   0    0        0         0
13502460  
39 5000  180  700 15000 1 10000  4000000  100  300   0    1     3000      5000
13502460 
40 3000  100  300 23000 1 10000  2000000   50  100   0    1     2000      4000


