1 20 18
1 2 320
1 5 320
2 27 18
2 3 320
2 1 320
2 6 320
3 17 13
3 4 320
3 2 320
3 7 320
4 18 16
4 3 320
4 8 320
5 24 14
5 6 320
5 9 320
5 1 320
6 29 16
6 7 320
6 5 320
6 10 320
6 2 320
7 22 19
7 8 320
7 6 320
7 11 320
7 3 320
8 32 12
8 7 320
8 12 320
8 4 320
9 19 10
9 10 320
9 13 320
9 5 320
10 23 16
10 11 320
10 9 320
10 14 320
10 6 320
11 21 14
11 12 320
11 10 320
11 15 320
11 7 320
12 25 13
12 11 320
12 16 320
12 8 320
13 28 12
13 14 320
13 9 320
14 31 11
14 15 320
14 13 320
14 10 320
15 26 13
15 16 320
15 14 320
15 11 320
16 30 13
16 15 320
16 12 320
17 34 20
17 18 320
17 21 320
18 43 20
18 19 320
18 17 320
18 22 320
19 33 16
19 20 320
19 18 320
19 23 320
20 41 15
20 19 320
20 24 320
21 42 10
21 22 320
21 25 320
21 17 320
22 45 12
22 23 320
22 21 320
22 26 320
22 18 320
23 38 14
23 24 320
23 22 320
23 27 320
23 19 320
24 46 17
24 23 320
24 28 320
24 20 320
25 37 10
25 26 320
25 29 320
25 21 320
26 40 10
26 27 320
26 25 320
26 30 320
26 22 320
27 39 16
27 28 320
27 26 320
27 31 320
27 23 320
28 48 14
28 27 320
28 32 320
28 24 320
29 47 20
29 30 320
29 25 320
30 36 13
30 31 320
30 29 320
30 26 320
31 35 20
31 32 320
31 30 320
31 27 320
32 44 20
32 31 320
32 28 320
33 34 320
33 37 320
34 35 320
34 33 320
34 38 320
35 36 320
35 34 320
35 39 320
36 35 320
36 40 320
37 38 320
37 41 320
37 33 320
38 39 320
38 37 320
38 42 320
38 34 320
39 40 320
39 38 320
39 43 320
39 35 320
40 39 320
40 44 320
40 36 320
41 42 320
41 45 320
41 37 320
42 43 320
42 41 320
42 46 320
42 38 320
43 44 320
43 42 320
43 47 320
43 39 320
44 43 320
44 48 320
44 40 320
45 46 320
45 41 320
46 47 320
46 45 320
46 42 320
47 48 320
47 46 320
47 43 320
48 47 320
48 44 320
